-2 Level  1  2             
0 1 5               
1 1 6               
2 1 7           
3 1 8                 
4 1 9           
5 1 10                 
6 1 11   
7 1 12                 
8 1 13       
9 1 14           
10 1 15
11 2 7     
12 2 8
13 3 5           
14 2 9       
15 3 6
16 2 10
17 3 9               
18 4 5   
19 5 4               
20 2 12               
21 3 8                 
22 2 13
23 4 6
24 3 9 
25 5 5
26 4 7     
27 3 10               
28 2 16               
29 7 4           
30 4 8
31 6 5 
32 2 18               
33 3 12               
34 4 9 
35 5 7     
36 6 6
37 7 5     
38 4 10     
39 5 8       
40 2 22
41 3 14               
42 6 7   
43 7 6
44 10 4
45 3 16
46 2 25
47 13 3
48 6 8
49 11 4
50 7 7
51 3 18 
52 2 28
53 9 4
54 2 29
55 3 19
56 2 30 
57 9 6
58 8 7
59 5 12 
60 3 21
61 6 10 
62 4 16 
63 3 22 
64 7 9
65 10 6
66 3 23
67 4 17
68 5 14
69 15 4
70 19 3
71 7 10
72 3 25
73 6 12
74 8 9
75 3 26
76 9 8
77 6 13
78 4 20
79 5 16
80 17 4
81 3 28
82 8 10
83 11 7
84 5 17
85 7 12
86 4 22 
87 3 30
88 19 3
89 5 18
90 3 31
91 6 15
92 14 6
93 11 8
94 4 24
95 5 19
96 3 33
97 6 16   
98 8 12
99 7 14
-1
